//X+ //0E 09 0D 2A 00 22 00 E0 2E 00 E8 13 80 00 00 00 00 00 00 00 00 00 00 00 00 00 00 00 00 00 00 00 00 00 00 00 00 E2 E1 6A 0F FF	// 42
解析出来：0D 22 00 E0 2E 00 E8 13 80 00 00 00 00 00 00 00 00 00 00 00 00 00 00 00 00 00 00 00 00 00 00 00 00 E2 E1 6A 0F

增加一组数据：注意修改数据长度参数
// 10组
0E 09 0D 38 01 22 00 E0 2E 00 E8 13 80 00 00 00 00 00 00 00 00 00 00 00 00 00 00 00 00 00 00 00 00 00 00 00 11 E0 2E 00 E8 13 80 00 00 00 00 00 00 00 00 00 00 00 00 00 00 00 00 00 00 00 00 00 00 00 11 E0 2E 00 E8 13 80 00 00 00 00 00 00 00 00 00 00 00 00 00 00 00 00 00 00 00 00 00 00 00 11 E0 2E 00 E8 13 80 00 00 00 00 00 00 00 00 00 00 00 00 00 00 00 00 00 00 00 00 00 00 00 11 E0 2E 00 E8 13 80 00 00 00 00 00 00 00 00 00 00 00 00 00 00 00 00 00 00 00 00 00 00 00 11 E0 2E 00 E8 13 80 00 00 00 00 00 00 00 00 00 00 00 00 00 00 00 00 00 00 00 00 00 00 00 11 E0 2E 00 E8 13 80 00 00 00 00 00 00 00 00 00 00 00 00 00 00 00 00 00 00 00 00 00 00 00 11 E0 2E 00 E8 13 80 00 00 00 00 00 00 00 00 00 00 00 00 00 00 00 00 00 00 00 00 00 00 00 11 E0 2E 00 E8 13 80 00 00 00 00 00 00 00 00 00 00 00 00 00 00 00 00 00 00 00 00 00 00 00 11 E0 2E 00 E8 13 80 00 00 00 00 00 00 00 00 00 00 00 00 00 00 00 00 00 00 00 00 00 00 00 11 E2 E1 6A 0F FF
// 6组
0E 09 0D DE 00 22 00 E0 2E 00 E8 13 80 00 00 00 00 00 00 00 00 00 00 00 00 00 00 00 00 00 00 00 00 00 00 00 11 E0 2E 00 E8 13 80 00 00 00 00 00 00 00 00 00 00 00 00 00 00 00 00 00 00 00 00 00 00 00 11 E0 2E 00 E8 13 80 00 00 00 00 00 00 00 00 00 00 00 00 00 00 00 00 00 00 00 00 00 00 00 11 E0 2E 00 E8 13 80 00 00 00 00 00 00 00 00 00 00 00 00 00 00 00 00 00 00 00 00 00 00 00 11 E0 2E 00 E8 13 80 00 00 00 00 00 00 00 00 00 00 00 00 00 00 00 00 00 00 00 00 00 00 00 11 E0 2E 00 E8 13 80 00 00 00 00 00 00 00 00 00 00 00 00 00 00 00 00 00 00 00 00 00 00 00 11 E2 E1 6A 0F FF
// 8组
0E 09 0D 1A 01 22 00 E0 2E 00 E8 13 80 00 00 00 00 00 00 00 00 00 00 00 00 00 00 00 00 00 00 00 00 00 00 00 11 E0 2E 00 E8 13 80 00 00 00 00 00 00 00 00 00 00 00 00 00 00 00 00 00 00 00 00 00 00 00 11 E0 2E 00 E8 13 80 00 00 00 00 00 00 00 00 00 00 00 00 00 00 00 00 00 00 00 00 00 00 00 11 E0 2E 00 E8 13 80 00 00 00 00 00 00 00 00 00 00 00 00 00 00 00 00 00 00 00 00 00 00 00 11 E0 2E 00 E8 13 80 00 00 00 00 00 00 00 00 00 00 00 00 00 00 00 00 00 00 00 00 00 00 00 11 E0 2E 00 E8 13 80 00 00 00 00 00 00 00 00 00 00 00 00 00 00 00 00 00 00 00 00 00 00 00 11 E0 2E 00 E8 13 80 00 00 00 00 00 00 00 00 00 00 00 00 00 00 00 00 00 00 00 00 00 00 00 11 E0 2E 00 E8 13 80 00 00 00 00 00 00 00 00 00 00 00 00 00 00 00 00 00 00 00 00 00 00 00 12 E2 E1 6A 0F FF

//X- //0E 09 0D 2A 00 22 00 E0 2E 00 E8 13 00 00 00 00 00 00 00 00 00 00 00 00 00 00 00 00 00 00 00 00 00 00 00 00 00 E2 E1 6A 0F FF

//Y+ //0E 09 0D 2A 00 22 00 00 00 00 00 00 00 E0 2E 00 E8 13 80 00 00 00 00 00 00 00 00 00 00 00 00 00 00 00 00 00 00 E2 E1 6A 0F FF
//Y- //0E 09 0D 2A 00 22 00 00 00 00 00 00 00 E0 2E 00 E8 13 00 00 00 00 00 00 00 00 00 00 00 00 00 00 00 00 00 00 00 E2 E1 6A 0F FF

//Z+ //0E 09 0D 2A 00 22 00 00 00 00 00 00 00 00 00 00 00 00 00 E0 2E 00 E8 13 00 00 00 00 00 00 00 00 00 00 00 00 00 E2 E1 6A 0F FF
//Z- //0E 09 0D 2A 00 22 00 00 00 00 00 00 00 00 00 00 00 00 00 E0 2E 00 E8 13 80 00 00 00 00 00 00 00 00 00 00 00 00 E2 E1 6A 0F FF

//A+ //0E 09 0D 2A 00 22 00 00 00 00 00 00 00 00 00 00 00 00 00 00 00 00 00 00 00 E0 2E 00 E8 13 80 00 00 00 00 00 00 E2 E1 6A 0F FF
//A- //0E 09 0D 2A 00 22 00 00 00 00 00 00 00 00 00 00 00 00 00 00 00 00 00 00 00 E0 2E 00 E8 13 00 00 00 00 00 00 00 E2 E1 6A 0F FF

//B //0E 09 0D 2A 00 22 00 00 00 00 00 00 00 00 00 00 00 00 00 00 00 00 00 00 00 00 00 00 00 00 00 E0 2E 00 00 20 00 E2 E1 6A 0F FF
//B //0E 09 0D 2A 00 22 00 00 00 00 00 00 00 00 00 00 00 00 00 00 00 00 00 00 00 00 00 00 00 00 00 E0 2E 00 00 20 80 E2 E1 6A 0F FF			//90度
